 2.28219178082192e-001    4.61585681054536e+000
 6.27602739726027e-001    1.38453088653399e+001
 1.08404109589041e+000    2.37328767123288e+001
 1.48342465753425e+000    3.13113853708969e+001
 1.88280821917808e+000    3.92200827087103e+001
 2.16808219178082e+000    4.54823597828896e+001
 2.73863013698630e+000    5.47050271387956e+001
 3.02390410958904e+000    6.09673042129749e+001
 3.42328767123288e+000    6.65646807960713e+001
 4.05089041095890e+000    7.71058413026622e+001
 4.67849315068493e+000    8.69866244507625e+001
 5.19198630136986e+000    9.48907986559834e+001
 5.81958904109589e+000    1.04111204445593e+002
 6.44719178082192e+000    1.12671232876712e+002
 6.90363013698630e+000    1.18266347893513e+002
 7.41712328767123e+000    1.23859201344017e+002
 8.44410958904110e+000    1.36035474282760e+002
 9.24287671232877e+000    1.42937774618765e+002
 9.92753424657534e+000    1.49184220728871e+002
 1.04410273972603e+001    1.53456319462393e+002
 1.09545205479452e+001    1.57398229516671e+002
 1.14109589041096e+001    1.60682023778754e+002
 1.23238356164384e+001    1.65598668906694e+002
 1.32367123287671e+001    1.70185125355389e+002
 1.39213698630137e+001    1.72139118635306e+002
